2 0.000001 
3 0.000000 
4 0.000001 
5 0.000001 
6 0.000001 
7 0.000001 
8 0.000001 
9 0.000001 
10 0.000001 
11 0.000001 
12 0.000001 
13 0.000001 
14 0.000001 
15 0.000002 
16 0.000002 
17 0.000002 
18 0.000002 
19 0.000003 
20 0.000003 
21 0.000004 
22 0.000004 
23 0.000005 
24 0.000005 
25 0.000006 
26 0.000006 
27 0.000007 
28 0.000008 
29 0.000009 
30 0.000010 
31 0.000011 
32 0.000012 
33 0.000013 
34 0.000015 
35 0.000017 
36 0.000019 
37 0.000020 
38 0.000022 
39 0.000024 
40 0.000027 
41 0.000029 
42 0.000031 
43 0.000033 
44 0.000036 
45 0.000039 
46 0.000041 
47 0.000044 
48 0.000047 
49 0.000050 
50 0.000053 
51 0.000057 
52 0.000059 
53 0.000064 
54 0.000067 
55 0.000071 
56 0.000075 
57 0.000080 
58 0.000083 
59 0.000089 
60 0.000093 
61 0.000098 
62 0.000103 
63 0.000108 
64 0.000117 
65 0.000120 
66 0.000124 
67 0.000131 
68 0.000136 
69 0.000144 
70 0.000149 
71 0.000157 
72 0.000163 
73 0.000172 
74 0.000177 
75 0.000185 
76 0.000193 
77 0.000203 
78 0.000211 
79 0.000234 
80 0.000247 
81 0.000254 
82 0.000263 
83 0.000264 
84 0.000271 
85 0.000287 
86 0.000299 
87 0.000313 
88 0.000324 
89 0.000340 
90 0.000348 
91 0.000362 
92 0.000372 
93 0.000391 
94 0.000403 
95 0.000426 
96 0.000435 
97 0.000455 
98 0.000470 
99 0.000490 
100 0.000524 
101 0.000527 
102 0.000535 
103 0.000560 
104 0.000570 
105 0.000596 
106 0.000639 
107 0.000652 
108 0.000643 
109 0.000670 
110 0.000686 
111 0.000714 
112 0.000733 
113 0.000754 
114 0.000773 
115 0.000802 
116 0.000856 
117 0.000852 
118 0.000869 
119 0.000914 
120 0.000922 
121 0.000951 
122 0.000974 
123 0.001012 
124 0.001042 
125 0.001078 
126 0.001089 
127 0.001128 
128 0.001972 
129 0.001190 
130 0.001239 
131 0.001232 
132 0.001255 
133 0.001291 
134 0.001319 
135 0.001361 
136 0.001412 
137 0.001422 
138 0.001446 
139 0.001483 
140 0.001508 
141 0.001553 
142 0.001588 
143 0.001629 
144 0.001650 
145 0.001779 
146 0.001727 
147 0.001787 
148 0.001821 
149 0.001865 
150 0.001887 
151 0.001936 
152 0.002047 
153 0.002021 
154 0.002060 
155 0.002108 
156 0.002156 
157 0.002204 
158 0.002229 
159 0.002298 
160 0.002549 
161 0.002426 
162 0.002446 
163 0.002550 
164 0.002542 
165 0.002612 
166 0.002617 
167 0.002790 
168 0.002759 
169 0.002818 
170 0.002942 
171 0.003023 
172 0.002958 
173 0.003136 
174 0.003188 
175 0.003216 
176 0.003232 
177 0.003284 
178 0.003310 
179 0.003414 
180 0.003435 
181 0.003476 
182 0.003619 
183 0.003652 
184 0.003676 
185 0.003833 
186 0.003883 
187 0.004000 
188 0.003952 
189 0.004095 
190 0.004045 
191 0.004215 
192 0.006777 
193 0.004467 
194 0.004344 
195 0.004460 
196 0.004541 
197 0.004576 
198 0.004785 
199 0.004758 
200 0.004824 
201 0.004855 
202 0.004921 
203 0.005039 
204 0.005130 
205 0.005400 
206 0.005269 
207 0.005336 
208 0.005640 
209 0.005733 
210 0.005636 
211 0.005827 
212 0.005735 
213 0.006016 
214 0.006155 
215 0.006142 
216 0.006106 
217 0.006221 
218 0.006485 
219 0.006605 
220 0.006557 
221 0.006632 
222 0.006870 
223 0.006953 
224 0.007199 
225 0.006993 
226 0.007212 
227 0.007414 
228 0.007247 
229 0.007356 
230 0.007715 
231 0.007694 
232 0.007672 
233 0.007889 
234 0.008134 
235 0.008185 
236 0.008022 
237 0.008417 
238 0.008339 
239 0.008430 
240 0.008615 
241 0.008774 
242 0.008836 
243 0.008996 
244 0.009300 
245 0.009254 
246 0.009358 
247 0.009717 
248 0.009555 
249 0.009765 
250 0.009992 
251 0.009957 
252 0.010210 
253 0.010308 
254 0.010629 
255 0.010813 
256 0.029449 
257 0.010872 
258 0.010960 
259 0.011358 
260 0.011056 
261 0.011548 
262 0.011338 
263 0.011634 
264 0.011828 
265 0.011837 
266 0.012328 
267 0.012232 
268 0.012356 
269 0.012371 
270 0.012519 
271 0.012784 
272 0.013037 
273 0.012998 
274 0.013047 
275 0.013585 
276 0.013263 
277 0.013934 
278 0.013682 
279 0.014124 
280 0.013930 
281 0.014754 
282 0.014460 
283 0.014824 
284 0.014611 
285 0.015250 
286 0.014855 
287 0.015387 
288 0.015534 
289 0.015707 
290 0.015666 
291 0.015768 
292 0.016074 
293 0.016273 
294 0.016659 
295 0.016492 
296 0.016675 
297 0.016926 
298 0.017641 
299 0.017869 
300 0.017477 
301 0.018050 
302 0.017829 
303 0.018098 
304 0.018407 
305 0.018539 
306 0.018867 
307 0.018694 
308 0.018832 
309 0.018862 
310 0.019580 
311 0.019851 
312 0.019484 
313 0.020035 
314 0.020059 
315 0.020084 
316 0.020252 
317 0.020506 
318 0.020836 
319 0.021190 
320 0.031418 
321 0.021901 
322 0.021657 
323 0.022081 
324 0.021706 
325 0.022771 
326 0.022560 
327 0.023206 
328 0.023056 
329 0.022810 
330 0.023188 
331 0.023946 
332 0.023905 
333 0.024833 
334 0.024181 
335 0.024657 
336 0.024901 
337 0.025120 
338 0.025544 
339 0.025441 
340 0.025538 
341 0.025931 
342 0.026219 
343 0.026152 
344 0.026602 
345 0.027008 
346 0.027114 
347 0.027111 
348 0.027433 
349 0.027866 
350 0.028053 
351 0.028176 
352 0.028779 
353 0.028808 
354 0.029008 
355 0.029257 
356 0.029326 
357 0.029734 
358 0.029978 
359 0.030088 
360 0.030295 
361 0.030622 
362 0.031398 
363 0.032253 
364 0.031168 
365 0.031762 
366 0.031990 
367 0.033125 
368 0.032916 
369 0.033376 
370 0.032949 
371 0.033985 
372 0.033840 
373 0.034710 
374 0.034416 
375 0.034718 
376 0.035145 
377 0.035452 
378 0.035497 
379 0.035918 
380 0.036235 
381 0.036136 
382 0.036858 
383 0.037799 
384 0.063698 
385 0.038163 
386 0.038200 
387 0.038449 
388 0.038676 
389 0.038963 
390 0.038999 
391 0.039349 
392 0.039571 
393 0.040362 
394 0.040560 
395 0.040714 
396 0.041740 
397 0.041434 
398 0.041937 
399 0.041909 
400 0.042771 
401 0.042741 
402 0.043098 
403 0.043570 
404 0.043815 
405 0.044290 
406 0.043863 
407 0.044089 
408 0.044344 
409 0.045208 
410 0.045363 
411 0.045903 
412 0.045582 
413 0.046305 
414 0.046457 
415 0.047613 
416 0.048943 
417 0.048222 
418 0.048354 
419 0.048654 
420 0.049383 
421 0.049882 
422 0.050423 
423 0.050193 
424 0.050519 
425 0.050844 
426 0.051316 
427 0.051081 
428 0.051452 
429 0.052099 
430 0.052434 
431 0.052247 
432 0.053754 
433 0.053548 
434 0.053371 
435 0.054265 
436 0.055173 
437 0.055658 
438 0.056353 
439 0.055741 
440 0.055951 
441 0.056779 
442 0.057980 
443 0.057163 
444 0.057825 
445 0.058247 
446 0.059332 
447 0.060056 
448 0.089950 
449 0.061406 
450 0.061286 
451 0.061575 
452 0.062619 
453 0.061727 
454 0.061958 
455 0.062119 
456 0.062971 
457 0.063938 
458 0.064876 
459 0.064609 
460 0.065398 
461 0.065486 
462 0.065566 
463 0.067108 
464 0.067649 
465 0.066954 
466 0.067701 
467 0.067676 
468 0.068424 
469 0.068528 
470 0.069912 
471 0.069631 
472 0.070282 
473 0.069841 
474 0.070604 
475 0.071527 
476 0.072063 
477 0.072126 
478 0.072450 
479 0.072477 
480 0.074130 
481 0.074044 
482 0.074016 
483 0.074807 
484 0.075475 
485 0.075413 
486 0.076522 
487 0.076732 
488 0.077571 
489 0.077657 
490 0.078733 
491 0.078421 
492 0.079388 
493 0.079890 
494 0.080511 
495 0.080649 
496 0.081647 
497 0.081690 
498 0.082042 
499 0.082505 
500 0.083563 
501 0.083870 
502 0.085951 
503 0.085988 
504 0.086952 
505 0.087230 
506 0.087656 
507 0.087517 
508 0.088272 
509 0.088967 
510 0.089904 
511 0.091130 
512 0.744104 
513 0.090827 
514 0.092135 
515 0.092639 
516 0.093541 
517 0.094058 
518 0.094050 
519 0.093363 
520 0.093865 
521 0.095511 
522 0.096131 
523 0.096643 
524 0.097955 
525 0.098202 
526 0.097930 
527 0.097579 
528 0.098873 
529 0.098974 
530 0.099872 
531 0.100356 
532 0.100314 
533 0.100682 
534 0.102256 
535 0.102198 
536 0.102602 
537 0.103402 
538 0.104301 
539 0.104345 
540 0.105040 
541 0.105403 
542 0.107046 
543 0.106720 
544 0.107271 
545 0.108258 
546 0.108310 
547 0.110143 
548 0.110022 
549 0.110177 
550 0.111376 
551 0.111824 
552 0.114097 
553 0.112787 
554 0.113655 
555 0.114223 
556 0.114912 
557 0.115093 
558 0.118093 
559 0.118500 
560 0.117848 
561 0.118114 
562 0.118694 
563 0.119345 
564 0.124371 
565 0.122835 
566 0.123488 
567 0.124090 
568 0.124331 
569 0.123681 
570 0.126375 
571 0.125716 
572 0.125855 
573 0.126117 
574 0.127336 
575 0.129195 
576 0.192620 
577 0.129980 
578 0.129934 
579 0.129570 
580 0.131124 
581 0.131485 
582 0.131766 
583 0.132069 
584 0.134861 
585 0.136183 
586 0.137013 
587 0.136793 
588 0.138535 
589 0.136497 
590 0.138251 
591 0.139901 
592 0.138276 
593 0.141733 
594 0.142893 
595 0.143649 
596 0.143437 
597 0.142125 
598 0.142840 
599 0.144114 
600 0.147109 
601 0.147590 
602 0.149799 
603 0.149391 
604 0.149127 
605 0.147775 
606 0.151786 
607 0.152740 
608 0.156844 
609 0.155615 
610 0.156267 
611 0.156676 
612 0.157938 
613 0.157034 
614 0.156160 
615 0.156995 
616 0.157648 
617 0.160367 
618 0.161851 
619 0.161434 
620 0.160221 
621 0.162055 
622 0.167711 
623 0.165594 
624 0.170033 
625 0.177390 
626 0.175073 
627 0.174784 
628 0.175144 
629 0.175571 
630 0.175842 
631 0.175930 
632 0.176763 
633 0.177818 
634 0.176198 
635 0.175804 
636 0.177621 
637 0.182133 
638 0.187591 
639 0.182538 
640 0.350296 
641 0.184855 
642 0.184846 
643 0.185011 
644 0.185672 
645 0.188084 
646 0.188833 
647 0.186203 
648 0.186887 
649 0.189813 
650 0.191207 
651 0.192011 
652 0.195093 
653 0.192367 
654 0.192422 
655 0.194430 
656 0.193550 
657 0.194184 
658 0.195907 
659 0.196775 
660 0.197543 
661 0.197822 
662 0.199129 
663 0.199608 
664 0.200351 
665 0.205469 
666 0.207145 
667 0.207858 
668 0.208626 
669 0.207418 
670 0.206381 
671 0.210941 
672 0.211252 
673 0.211802 
674 0.211990 
675 0.213601 
676 0.215350 
677 0.215321 
678 0.217160 
679 0.218925 
680 0.220983 
681 0.221623 
682 0.222738 
683 0.224464 
684 0.224898 
685 0.227633 
686 0.226667 
687 0.227513 
688 0.228445 
689 0.232853 
690 0.231035 
691 0.226832 
692 0.232583 
693 0.248615 
694 0.239068 
695 0.234900 
696 0.236402 
697 0.236809 
698 0.237598 
699 0.238096 
700 0.237756 
701 0.240745 
702 0.240803 
703 0.241778 
704 0.371747 
705 0.243010 
706 0.243946 
707 0.245550 
708 0.246131 
709 0.248128 
710 0.249238 
711 0.249582 
712 0.250944 
713 0.253587 
714 0.261835 
715 0.258346 
716 0.260020 
717 0.260530 
718 0.263011 
719 0.261537 
720 0.261444 
721 0.263904 
722 0.266494 
723 0.271851 
724 0.268529 
725 0.270749 
726 0.272200 
727 0.274941 
728 0.273531 
729 0.274026 
730 0.274564 
731 0.275534 
732 0.278193 
733 0.278384 
734 0.276580 
735 0.278447 
736 0.278277 
737 0.280787 
738 0.282834 
739 0.282593 
740 0.286520 
741 0.284316 
742 0.286407 
743 0.284556 
744 0.285860 
745 0.287515 
746 0.290756 
747 0.292150 
748 0.294044 
749 0.299445 
750 0.296706 
751 0.299053 
752 0.303404 
753 0.301042 
754 0.304296 
755 0.321362 
756 0.316826 
757 0.309245 
758 0.309273 
759 0.307121 
760 0.308519 
761 0.314984 
762 0.310943 
763 0.317521 
764 0.311848 
765 0.316148 
766 0.313920 
767 0.315642 
768 0.969242 
769 0.317326 
770 0.317457 
771 0.322031 
772 0.325165 
773 0.316979 
774 0.322687 
775 0.322298 
776 0.324290 
777 0.324363 
778 0.324765 
779 0.324525 
780 0.328171 
781 0.327951 
782 0.329760 
783 0.330119 
784 0.330986 
785 0.333369 
786 0.335401 
787 0.350995 
788 0.349387 
789 0.349300 
790 0.358343 
791 0.349970 
792 0.350512 
793 0.367584 
794 0.364860 
795 0.372784 
796 0.373929 
797 0.375896 
798 0.378049 
799 0.378210 
800 0.378613 
801 0.378414 
802 0.382213 
803 0.384024 
804 0.385764 
805 0.386900 
806 0.373607 
807 0.370341 
808 0.368901 
809 0.373081 
810 0.373985 
811 0.375384 
812 0.375331 
813 0.378702 
814 0.379990 
815 0.380566 
816 0.380010 
817 0.385978 
818 0.385071 
819 0.384386 
820 0.382917 
821 0.384269 
822 0.392681 
823 0.385506 
824 0.385973 
825 0.388848 
826 0.385052 
827 0.384989 
828 0.388457 
829 0.387822 
830 0.390216 
831 0.391151 
832 0.615555 
833 0.395063 
834 0.395875 
835 0.396139 
836 0.401960 
837 0.399818 
838 0.404075 
839 0.402491 
840 0.403673 
841 0.405528 
842 0.407396 
843 0.407557 
844 0.408495 
845 0.411059 
846 0.412022 
847 0.416098 
848 0.414911 
849 0.416934 
850 0.419415 
851 0.418968 
852 0.422389 
853 0.426752 
854 0.426887 
855 0.426423 
856 0.426442 
857 0.428415 
858 0.430063 
859 0.432684 
860 0.434035 
861 0.435667 
862 0.436616 
863 0.438214 
864 0.440692 
865 0.440488 
866 0.442611 
867 0.444070 
868 0.445317 
869 0.445658 
870 0.450622 
871 0.450107 
872 0.452249 
873 0.451829 
874 0.456379 
875 0.455543 
876 0.457449 
877 0.459059 
878 0.462253 
879 0.460941 
880 0.462046 
881 0.464190 
882 0.481293 
883 0.521169 
884 0.493138 
885 0.491879 
886 0.498145 
887 0.506229 
888 0.501162 
889 0.532868 
890 0.502063 
891 0.506504 
892 0.523576 
893 0.515588 
894 0.520049 
895 0.520949 
896 1.102409 
897 0.524326 
898 0.521101 
899 0.527122 
900 0.524570 
901 0.538787 
902 0.532815 
903 0.533394 
904 0.535386 
905 0.534084 
906 0.546889 
907 0.536842 
908 0.535507 
909 0.542079 
910 0.544562 
911 0.547640 
912 0.542388 
913 0.550397 
914 0.548877 
915 0.554258 
916 0.552751 
917 0.554595 
918 0.560301 
919 0.560272 
920 0.563610 
921 0.569343 
922 0.571953 
923 0.576727 
924 0.572513 
925 0.573667 
926 0.575639 
927 0.578784 
928 0.598831 
929 0.565393 
930 0.559313 
931 0.562333 
932 0.562225 
933 0.568466 
934 0.562141 
935 0.562545 
936 0.567500 
937 0.567901 
938 0.575066 
939 0.572572 
940 0.570864 
941 0.576150 
942 0.577160 
943 0.578148 
944 0.579141 
945 0.582467 
946 0.582742 
947 0.583555 
948 0.586339 
949 0.589946 
950 0.592638 
951 0.600614 
952 0.594091 
953 0.596717 
954 0.600114 
955 0.600052 
956 0.601758 
957 0.604879 
958 0.605351 
959 0.606574 
960 0.980325 
961 0.615056 
962 0.615383 
963 0.615204 
964 0.618824 
965 0.618418 
966 0.624355 
967 0.624515 
968 0.623601 
969 0.627500 
970 0.627025 
971 0.629793 
972 0.632191 
973 0.634463 
974 0.636912 
975 0.638160 
976 0.639980 
977 0.643215 
978 0.646810 
979 0.644394 
980 0.651100 
981 0.651150 
982 0.650276 
983 0.652670 
984 0.656152 
985 0.657310 
986 0.659823 
987 0.660963 
988 0.661213 
989 0.664872 
990 0.668769 
991 0.669510 
992 0.674891 
993 0.679846 
994 0.675958 
995 0.677126 
996 0.860038 
997 0.723234 
998 0.721596 
999 0.727141 
